001 01 34 52.47 -01 04 37.9 23.322 0.543 21.412 0.051 19.488 0.015 18.217 0.009 17.508 0.016 99.999 9.999 16.024 0.076 15.467 0.100 15.478 0.188 0.378 22.397
002 07 50 02.47 +21 15 21.3 24.705 1.027 22.109 0.119 20.301 0.036 19.063 0.019 18.450 0.036 99.999 9.999 16.976 0.152 16.405 0.212 16.345 0.305 0.604 24.200
003 08 22 33.87 +17 00 16.5 24.883 0.589 21.612 0.048 19.211 0.012 17.871 0.008 17.139 0.011 99.999 9.999 15.717 0.059 15.517 0.100 15.619 0.218 0.597 23.078
004 08 30 51.71 +36 12 55.5 23.071 0.505 20.190 0.022 18.179 0.008 16.968 0.005 16.275 0.007 99.999 9.999 14.907 0.036 14.536 0.051 14.338 0.059 0.799 22.682
005 08 35 26.17 +39 29 14.6 23.456 0.651 21.947 0.086 19.858 0.022 18.784 0.013 18.151 0.026 99.999 9.999 16.763 0.148 16.684 0.263 17.242 9.999 0.292 22.196
006 08 43 58.50 +06 00 38.6 22.357 0.239 19.710 0.014 17.814 0.006 16.721 0.005 16.086 0.008 99.999 9.999 14.757 0.039 14.298 0.040 14.061 0.055 0.463 21.157
007 08 46 48.89 +30 28 01.8 23.157 0.479 20.504 0.025 18.513 0.008 17.467 0.006 16.847 0.010 99.999 9.999 15.675 0.073 14.939 0.092 15.061 0.149 0.383 21.424
008 08 55 00.38 +35 41 07.5 25.076 0.735 21.671 0.052 19.879 0.019 18.541 0.010 17.803 0.016 99.999 9.999 16.425 0.111 15.868 0.160 15.860 0.205 0.476 23.279
009 08 55 48.71 +36 36 01.4 24.245 1.556 22.083 0.141 19.794 0.032 18.527 0.017 17.806 0.028 99.999 9.999 16.386 0.103 16.044 0.183 15.823 0.220 0.212 21.377
010 08 58 38.92 +09 19 57.7 22.578 0.322 21.695 0.068 19.850 0.020 17.841 0.007 16.822 0.010 99.999 9.999 15.255 0.055 14.827 0.085 14.571 0.081 0.212 21.498
011 09 03 07.94 +08 42 43.1 22.304 0.187 19.017 0.009 17.073 0.005 15.961 0.005 15.331 0.005 99.999 9.999 13.995 0.023 13.580 0.026 13.411 0.042 0.591 20.919
012 09 04 23.07 +46 38 18.6 24.954 1.101 21.492 0.067 19.638 0.017 18.350 0.010 17.488 0.014 99.999 9.999 16.096 0.079 15.573 0.108 15.440 0.157 0.357 22.395
013 09 07 41.80 +46 20 35.1 24.746 0.943 21.882 0.086 20.090 0.024 18.571 0.011 17.825 0.020 99.999 9.999 16.071 0.120 15.802 0.185 15.500 9.999 0.318 22.576
014 09 09 03.58 +19 41 43.6 21.962 0.195 19.534 0.013 17.758 0.006 16.310 0.006 15.470 0.006 99.999 9.999 14.065 0.032 13.575 0.034 13.396 0.035 0.388 20.751
015 09 40 43.35 +39 40 35.2 23.457 0.533 21.516 0.047 19.526 0.016 18.352 0.010 17.700 0.021 99.999 9.999 16.443 0.120 16.129 9.999 15.870 0.244 0.467 22.877
016 10 12 00.28 +20 46 11.6 23.630 0.547 21.871 0.060 19.668 0.015 18.260 0.009 17.466 0.013 99.999 9.999 16.213 0.072 15.692 0.094 15.693 0.177 0.386 22.616
017 10 27 57.77 +34 01 46.8 24.693 0.982 22.293 0.100 20.352 0.027 18.598 0.010 17.677 0.016 99.999 9.999 16.158 0.100 15.797 0.161 15.892 0.287 0.493 23.806
018 10 44 10.01 +30 01 42.3 25.174 0.762 22.482 0.107 20.535 0.033 19.250 0.018 18.713 0.038 99.999 9.999 16.895 0.189 16.264 0.218 16.220 0.308 0.435 23.676
019 10 46 57.93 -01 37 46.4 25.131 0.772 22.025 0.080 20.208 0.027 18.812 0.014 17.946 0.021 99.999 9.999 16.487 0.129 15.924 0.214 15.841 0.304 1.872 26.587
020 11 11 47.19 +27 25 16.7 24.072 0.735 21.798 0.058 20.001 0.020 18.905 0.014 18.260 0.026 99.999 9.999 16.828 0.144 16.206 0.168 17.082 9.999 0.288 22.287
021 11 19 29.20 +67 21 04.1 24.381 1.057 22.538 0.149 20.523 0.036 19.175 0.018 18.485 0.034 99.999 9.999 16.833 0.161 16.196 0.212 16.207 0.390 0.923 25.333
022 12 27 41.90 +25 12 59.6 22.436 0.203 20.465 0.021 18.659 0.009 17.092 0.006 16.244 0.008 99.999 9.999 14.792 0.035 14.259 0.054 14.116 0.055 0.587 22.497
023 13 51 28.49 +55 06 56.9 24.158 0.806 21.172 0.035 18.994 0.011 17.693 0.007 16.955 0.011 99.999 9.999 15.675 0.060 15.135 0.085 15.068 0.127 0.337 21.632
024 14 34 33.99 +38 41 03.4 25.256 0.728 21.881 0.077 20.062 0.022 18.613 0.011 17.848 0.020 99.999 9.999 16.224 0.096 16.227 0.198 15.583 0.232 0.297 22.428
025 15 20 29.33 +14 34 37.0 25.508 0.756 20.420 0.023 18.736 0.010 17.554 0.007 16.928 0.011 99.999 9.999 15.518 0.056 15.006 0.083 14.900 0.110 0.551 22.440
026 15 25 35.90 +43 15 45.2 23.504 0.658 20.241 0.023 18.438 0.009 17.366 0.006 16.730 0.010 99.999 9.999 15.436 0.058 15.055 0.090 14.740 0.093 0.309 20.908
027 16 05 19.49 +03 05 34.2 24.648 0.977 21.534 0.057 19.993 0.021 18.733 0.012 18.092 0.024 99.999 9.999 16.462 0.118 16.003 0.161 15.767 0.250 0.566 24.018
028 16 40 08.58 +11 03 22.7 23.272 0.488 22.133 0.075 20.331 0.023 18.939 0.012 18.237 0.023 99.999 9.999 16.669 0.117 16.204 0.166 16.585 9.999 0.143 21.085
029 16 57 39.57 +39 39 48.0 24.436 0.750 21.176 0.036 19.386 0.013 17.842 0.007 17.017 0.011 99.999 9.999 15.576 0.054 15.176 0.096 14.992 0.110 0.207 20.981
030 01 04 48.47 +15 35 01.9 25.499 0.781 24.942 0.717 22.245 0.167 20.365 0.048 19.284 0.064 18.484 0.046 17.929 0.052 18.064 0.111 18.077 0.167 0.298 24.610
031 02 05 33.75 +12 38 24.1 23.201 0.490 21.935 0.091 19.764 0.021 18.120 0.009 17.303 0.016 16.456 0.009 15.872 0.008 15.709 0.012 15.590 0.018 0.270 21.925
032 02 12 58.07 +06 41 17.6 23.574 0.566 25.232 0.558 23.272 0.336 21.104 0.082 19.373 0.079 18.204 0.029 17.425 0.025 17.058 0.033 16.783 0.052 0.422 26.386
033 08 58 33.76 +02 04 52.9 25.975 0.553 22.339 0.126 20.344 0.031 18.970 0.016 18.225 0.030 17.408 0.027 16.836 0.017 16.422 0.021 16.222 0.030 0.269 22.504
034 09 32 44.46 +01 12 59.9 25.926 0.662 24.476 0.680 21.714 0.106 20.113 0.034 19.281 0.068 18.156 0.030 17.645 0.029 17.487 0.075 17.208 0.077 0.223 23.462
035 09 49 05.26 +02 32 50.7 24.276 0.998 21.528 0.058 19.554 0.018 18.139 0.010 17.387 0.016 16.478 0.009 15.910 0.009 15.513 0.009 15.262 0.012 0.418 22.659
036 10 36 58.90 +03 36 23.2 26.449 0.246 23.318 0.234 21.239 0.049 19.362 0.015 18.371 0.023 17.410 0.022 16.803 0.021 16.426 0.028 16.140 0.038 0.346 23.935
037 11 40 01.19 +00 37 04.0 26.548 0.446 24.699 1.016 22.833 0.394 21.638 0.190 20.133 0.167 19.699 0.179 19.076 0.137 18.688 0.163 18.445 0.218 0.134 23.472
038 14 30 13.20 +01 20 19.1 23.601 0.808 23.663 0.400 21.571 0.084 20.471 0.045 19.873 0.104 19.116 0.085 18.506 0.077 18.208 0.091 18.357 0.221 0.151 22.455
039 14 41 28.38 +00 31 21.5 25.314 0.576 22.667 0.116 20.785 0.037 19.702 0.022 19.167 0.043 18.454 0.046 17.885 0.047 17.321 0.048 17.235 0.077 0.193 22.206
040 14 57 43.44 +01 27 47.4 24.038 0.938 21.963 0.075 20.095 0.025 19.021 0.015 18.404 0.032 17.594 0.024 16.974 0.023 16.652 0.027 16.470 0.042 0.235 21.964
041 15 41 28.39 +04 10 04.6 24.536 0.755 22.454 0.097 20.633 0.031 19.303 0.017 18.592 0.030 17.743 0.025 17.154 0.029 16.722 0.019 16.472 0.035 0.233 22.458
042 15 48 28.37 +00 18 10.4 23.365 0.449 23.536 0.240 21.597 0.076 20.270 0.039 19.522 0.084 18.832 0.052 18.318 0.065 17.923 0.051 17.785 0.121 0.147 22.425
043 07 40 13.59 +24 29 45.1 23.828 0.868 22.160 0.086 20.197 0.028 19.087 0.017 18.568 0.043 17.669 0.023 17.162 0.016 16.787 0.029 16.602 0.038 0.165 21.278
044 08 06 05.53 +29 28 00.9 26.055 0.481 22.868 0.153 20.874 0.046 19.598 0.023 18.857 0.042 18.097 0.023 17.584 0.024 17.326 0.047 17.153 0.066 0.321 23.408
045 08 26 50.57 +28 52 53.4 25.713 0.672 23.806 0.359 21.471 0.067 19.782 0.027 18.880 0.039 17.952 0.020 17.372 0.019 16.907 0.032 16.684 0.050 0.225 23.228
046 09 45 03.44 +10 36 00.3 24.205 0.616 23.224 0.169 21.411 0.054 19.502 0.018 18.473 0.028 17.474 0.015 16.832 0.010 16.454 0.027 16.225 0.028 0.263 23.504
047 10 32 18.45 +01 15 56.5 24.860 0.978 23.482 0.335 21.132 0.071 20.102 0.043 19.345 0.079 18.619 0.037 18.104 0.036 17.806 0.080 17.558 0.096 0.118 21.514
048 10 33 18.01 +05 30 54.9 25.058 0.806 24.461 0.599 22.165 0.126 20.493 0.044 19.604 0.070 18.828 0.051 18.109 0.038 17.795 0.077 17.669 0.101 0.167 23.205
049 10 37 35.78 +11 32 49.8 26.130 0.606 23.029 0.228 20.978 0.060 19.399 0.022 18.627 0.041 17.808 0.023 17.250 0.024 16.835 0.034 16.564 0.040 0.168 22.099
050 10 42 06.18 +09 23 19.9 24.696 0.960 23.188 0.233 21.691 0.100 19.520 0.024 18.412 0.036 17.464 0.017 16.838 0.015 16.404 0.023 16.165 0.028 0.158 22.842
051 10 44 51.52 -01 46 34.1 24.228 1.223 23.106 0.287 21.094 0.069 20.001 0.040 19.475 0.088 18.570 0.036 18.147 0.035 17.650 0.081 17.587 0.102 0.135 21.746
052 10 50 12.58 +08 51 22.6 22.983 0.370 23.086 0.179 20.862 0.043 19.105 0.015 18.064 0.021 17.203 0.018 16.597 0.019 16.271 0.027 16.109 0.032 0.403 23.932
053 10 57 03.59 +06 48 50.4 23.947 0.893 22.123 0.100 20.064 0.027 18.591 0.011 17.800 0.019 16.940 0.012 16.359 0.011 15.992 0.014 15.762 0.021 0.376 22.953
054 11 00 17.82 +01 12 18.7 23.024 0.361 23.797 0.283 21.868 0.093 20.254 0.038 19.483 0.075 18.578 0.043 18.000 0.037 17.628 0.057 17.464 0.076 0.119 22.263
055 11 04 21.86 +05 37 24.0 26.360 0.444 24.940 0.680 21.555 0.082 20.533 0.046 19.966 0.104 19.102 0.073 18.805 0.098 18.422 0.093 18.326 0.195 0.118 21.924
056 11 13 58.73 +03 11 37.7 25.773 0.462 23.813 0.334 21.691 0.081 20.278 0.040 19.415 0.069 18.740 0.036 18.206 0.035 17.995 0.121 17.640 0.122 0.127 22.224
057 11 38 44.65 +06 54 10.0 24.168 1.028 23.864 0.377 21.489 0.080 20.221 0.037 19.564 0.060 18.640 0.039 18.109 0.036 17.675 0.071 17.477 0.084 0.170 22.687
058 11 43 28.18 +11 22 21.9 22.919 0.520 24.496 0.749 21.429 0.093 20.041 0.039 19.182 0.056 18.413 0.046 17.737 0.041 17.335 0.079 17.076 0.081 0.249 23.425
059 12 49 04.39 +10 04 13.5 23.781 0.908 23.362 0.297 21.076 0.062 19.654 0.026 18.701 0.047 18.265 0.024 17.634 0.020 17.243 0.045 17.073 0.064 0.195 23.029
060 12 51 34.45 -00 55 55.5 23.022 0.428 24.097 0.526 21.980 0.131 20.328 0.044 19.389 0.074 18.823 0.056 18.081 0.054 17.805 0.084 17.676 0.140 0.140 22.732
061 13 18 22.81 -01 11 50.2 25.946 0.553 23.586 0.335 21.346 0.086 19.995 0.044 19.171 0.076 18.530 0.036 17.949 0.042 17.805 0.086 17.633 0.107 0.185 22.677
062 13 45 55.25 +02 22 49.4 24.123 1.023 22.288 0.109 20.337 0.028 18.992 0.015 18.248 0.029 17.342 0.017 16.782 0.019 16.437 0.024 16.252 0.034 0.223 22.084
063 14 14 05.74 -01 42 02.7 24.745 0.958 24.555 0.658 22.483 0.184 19.771 0.028 18.475 0.034 17.498 0.027 16.807 0.024 16.455 0.027 16.143 0.031 0.239 24.230
064 15 12 17.83 -01 12 35.4 25.155 0.607 21.204 0.036 19.368 0.013 17.652 0.007 16.704 0.009 15.807 0.007 15.202 0.006 14.796 0.007 14.522 0.009 0.646 23.445
065 15 24 34.64 +00 20 58.0 24.869 0.739 23.527 0.240 21.518 0.067 19.662 0.022 18.794 0.040 17.871 0.022 17.212 0.020 16.813 0.022 16.598 0.032 0.193 22.946
066 15 25 39.97 +00 24 10.0 24.863 0.695 23.401 0.214 21.160 0.052 19.737 0.024 19.050 0.050 18.074 0.027 17.491 0.029 16.989 0.024 16.846 0.046 0.125 21.577
067 15 36 47.08 +02 55 01.6 25.055 1.207 22.125 0.100 20.127 0.027 19.080 0.016 18.496 0.039 17.596 0.021 17.053 0.023 16.702 0.027 16.567 0.045 0.189 21.515
068 15 41 43.81 +01 26 31.4 22.991 0.420 23.193 0.215 21.112 0.055 19.870 0.028 19.203 0.065 18.412 0.040 17.799 0.045 17.411 0.055 17.161 0.077 0.142 21.852
069 07 44 31.25 +28 39 16.6 23.222 0.627 23.806 0.384 21.802 0.106 20.143 0.039 19.401 0.065 18.405 0.034 17.861 0.039 17.439 0.048 17.201 0.067 0.154 22.740
070 09 45 52.72 -00 34 32.4 24.566 0.931 23.492 0.280 21.803 0.092 20.203 0.034 19.268 0.054 18.417 0.040 17.654 0.047 17.160 0.045 16.969 0.063 0.771 26.087
071 10 00 40.68 +12 56 10.5 24.714 0.551 23.628 0.228 21.586 0.066 20.366 0.037 19.611 0.063 18.806 0.053 18.153 0.064 17.951 0.084 17.591 0.113 0.208 23.174
072 10 16 26.29 +02 41 03.9 24.518 0.937 24.274 0.487 22.119 0.138 20.722 0.064 19.955 0.116 18.950 0.065 18.346 0.072 18.039 0.120 18.010 0.172 0.169 23.260
073 10 18 24.97 +02 15 12.5 24.382 0.930 22.742 0.151 20.818 0.043 19.632 0.023 18.999 0.055 18.039 0.028 17.533 0.032 17.144 0.050 16.871 0.056 0.129 21.367
074 10 29 35.81 +11 09 01.6 26.188 0.368 23.095 0.190 21.174 0.059 19.969 0.031 19.274 0.071 18.600 0.049 18.061 0.043 17.652 0.069 17.480 0.086 0.144 21.959
075 10 43 09.04 +05 21 12.0 23.590 0.468 21.180 0.036 19.378 0.013 18.115 0.008 17.419 0.012 16.568 0.009 16.059 0.008 15.588 0.010 15.369 0.015 0.287 21.666
076 10 47 53.45 +14 59 42.0 24.610 0.831 22.481 0.103 20.469 0.030 19.220 0.018 18.463 0.033 17.718 0.019 17.184 0.019 16.812 0.025 16.629 0.037 0.266 22.591
077 10 51 02.31 +13 33 46.9 24.420 0.560 22.076 0.062 20.202 0.022 18.920 0.013 18.179 0.023 17.331 0.013 16.796 0.012 16.347 0.017 16.223 0.039 0.255 22.235
078 10 53 09.90 +13 14 30.1 23.602 0.506 23.425 0.219 21.433 0.055 20.381 0.036 19.669 0.071 18.891 0.044 18.438 0.050 18.018 0.077 17.864 0.146 0.193 22.866
079 11 06 51.29 +04 48 15.0 24.449 0.897 22.766 0.155 20.568 0.036 18.792 0.012 17.814 0.019 16.941 0.010 16.301 0.009 15.995 0.016 15.797 0.021 0.297 22.934
080 11 14 47.27 -01 57 23.4 25.243 0.715 21.853 0.069 20.038 0.022 18.927 0.014 18.328 0.027 17.512 0.023 16.941 0.024 16.543 0.029 16.430 0.048 0.244 21.975
081 11 14 53.35 +12 29 18.8 24.040 1.278 21.925 0.101 19.997 0.028 18.766 0.017 18.036 0.029 17.276 0.014 16.723 0.013 16.306 0.020 16.090 0.028 0.505 23.514
082 11 18 14.67 +09 41 12.1 24.733 0.850 21.131 0.038 19.315 0.013 18.032 0.008 17.280 0.013 16.417 0.008 15.860 0.006 15.453 0.011 15.193 0.016 0.503 22.822
083 11 44 42.54 +15 51 05.9 25.235 0.617 21.991 0.065 20.062 0.021 19.026 0.015 18.365 0.030 17.602 0.018 17.041 0.017 16.674 0.023 16.456 0.034 0.260 22.141
084 12 13 56.96 -02 55 25.5 25.424 0.788 23.982 0.377 22.042 0.123 20.593 0.052 19.591 0.076 18.795 0.058 18.138 0.049 17.653 0.044 17.568 0.095 0.114 22.324
085 12 18 12.86 +07 06 10.4 24.377 0.794 22.070 0.069 20.232 0.023 18.913 0.012 18.153 0.020 17.307 0.014 16.746 0.013 16.336 0.025 16.100 0.035 0.251 22.231
086 12 44 10.11 +27 36 25.8 24.474 1.128 24.373 0.536 22.506 0.197 20.160 0.041 18.931 0.060 18.282 0.037 17.577 0.027 17.322 0.048 17.125 0.063 0.246 24.458
087 12 55 51.65 +34 14 21.2 24.615 0.939 21.598 0.052 19.740 0.018 18.677 0.011 17.959 0.018 17.147 0.018 16.624 0.016 16.185 0.019 15.994 0.027 0.225 21.497
088 12 59 30.64 +13 16 34.2 24.478 1.077 23.693 0.328 21.671 0.084 20.186 0.035 19.485 0.071 18.531 0.043 17.987 0.043 17.520 0.067 17.383 0.087 0.231 23.487
089 13 06 15.21 +04 59 08.9 24.082 0.752 23.049 0.187 21.103 0.048 19.434 0.019 18.529 0.033 17.668 0.020 17.074 0.020 16.637 0.033 16.401 0.043 0.339 23.755
090 13 09 59.60 +05 29 38.7 25.213 0.635 24.744 0.621 22.853 0.211 20.876 0.066 20.003 0.105 18.998 0.075 18.406 0.063 99.999 9.999 17.844 0.137 0.150 23.737
091 13 10 38.46 +33 39 11.7 25.079 0.899 22.707 0.122 20.888 0.038 19.655 0.021 18.895 0.038 18.155 0.041 17.604 0.040 17.208 0.043 17.017 0.064 0.213 22.526
092 13 20 12.19 +05 39 44.0 24.298 0.933 24.279 0.512 22.209 0.133 20.851 0.061 19.938 0.090 19.327 0.087 18.783 0.106 18.208 0.100 18.096 0.178 0.133 22.831
093 13 27 37.53 +34 51 03.7 25.561 0.683 22.375 0.081 20.543 0.031 19.332 0.018 18.654 0.033 17.730 0.023 17.174 0.024 16.747 0.040 16.484 0.059 0.220 22.258
094 13 27 41.76 -01 29 15.8 23.909 0.913 23.946 0.445 21.717 0.095 19.771 0.029 18.738 0.045 17.838 0.023 17.238 0.026 16.789 0.040 16.541 0.039 0.178 22.971
095 13 28 23.36 +30 21 44.9 24.451 0.985 23.551 0.359 21.418 0.074 20.068 0.033 19.218 0.054 18.406 0.032 17.911 0.031 17.421 0.037 17.309 0.075 0.238 23.300
096 13 50 53.40 +23 50 24.3 23.747 0.620 21.767 0.054 19.965 0.019 18.863 0.012 18.265 0.021 17.416 0.016 16.890 0.015 16.474 0.022 16.287 0.033 0.337 22.603
097 13 55 28.24 +06 51 14.6 24.606 0.903 23.428 0.231 21.559 0.078 19.894 0.026 19.183 0.051 18.091 0.034 17.547 0.036 17.175 0.039 16.919 0.055 0.175 22.768
098 14 47 29.91 -01 59 50.3 24.899 0.984 24.586 0.619 22.487 0.183 20.762 0.056 19.577 0.086 18.899 0.077 18.168 0.081 17.920 0.103 17.621 0.147 0.191 23.888
099 15 32 41.87 +02 41 46.0 23.699 0.759 22.898 0.167 21.057 0.056 20.050 0.033 19.429 0.068 18.678 0.049 18.178 0.056 17.818 0.068 17.752 0.112 0.305 23.482
100 20 58 19.76 +00 01 03.9 24.115 0.844 23.482 0.240 21.170 0.051 18.962 0.014 17.861 0.021 16.870 0.013 16.300 0.012 15.916 0.019 15.638 0.021 0.164 22.238
